1971754292303    0030810031                                                                                             
2971754292303    0030810030000188101309000000000174000971754299917081427539                                             
2971754292303    0030810030001988100438600000000058000971754299918081491034                                             
2971754292303    0030810030000188101071100000000058000971754299918081490877                                             
2971754292303    0030810030001688100801100000000174000971754299918081491002                                             
2971754292303    0030810030000188103424500000000174000971754299918081490899                                             
2971754292303    0030810030000188101630800000000058000971754299918081490884                                             
2971754292303    0030810030000188102979500000000169500971754299918081490897                                             
2971754292303    0030810030000188100410200000000174000971754299917081427532                                             
2971754292303    0030810030000188101411000000000174000971754299917081427541                                             
2971754292303    0030810030000188103646400000000058000971754299918081490908                                             
2971754292303    0030810030000188100554800000000174000971754299918081490872                                             
2971754292303    0030810030000188102225600000000174000971754299918081490888                                             
2971754292303    0030810030000188103489100000000174000971754299917081427553                                             
2971754292303    0030810030000188103530300000000174000971754299918081490903                                             
2971754292303    0030810030005121001135700000000174000971754299918081492773                                             
2971754292303    0030810030000188103576500000000058000971754299918081490906                                             
2971754292303    0030810030000188103576500000000058000971754299918081490905                                             
2971754292303    0030810030000188100263400000000058000971754299918081490866                                             
2971754292303    0030810030005288100465800000000058000971754299918081492972                                             
2971754292303    0030810030000188100589900000000058000971754299918081490873                                             
2971754292303    0030810030000188100786500000000174000971754299918081490875                                             
2971754292303    0030810030000188100585700000000174000971754299917081427536                                             
2971754292303    0030810030000188100284000000000058000971754299918081490868                                             
2971754292303    0030810030000188104067300000000058000971754299918081491016                                             
2971754292303    0030810030005120011266800000000058000971754299918081492690                                             
2971754292303    0030810030000188102593300000000058000971754299918081490894                                             
2971754292303    0030810030005253052844200000000174000971754299917081428905                                             
2971754292303    0030810030000188101826100000000174000971754299917081427544                                             
2971754292303    0030810030000188100101000000000174000971754299918081490863                                             
2971754292303    0030810030005120024866000000000174000971754299917081428786                                             
2971754292303    0030810030000188103740400000000174000971754299917081427556                                             
2971754292303    0030810030000188101068200000000058000971754299918081490876                                             
2971754292303    0030810030000188102053800000000058000971754299918081490886                                             
2971754292303    0030810030000188102042500000000058000971754299918081490885                                             
2971754292303    0030810030000188100477100000000174000971754299918081490870                                             
2971754292303    0030810030000188101104600000000058000971754299918081490878                                             
2971754292303    0030810030000188100274500000000058000971754299918081490867                                             
2971754292303    0030810030005188100757100000000174000971754299917081428835                                             
2971754292303    0030810030000188103609800000000174000971754299917081427554                                             
2971754292303    0030810030000188102090600000000174000971754299918081490887                                             
2971754292303    0030810030000188100645500000000174000971754299917081427538                                             
2971754292303    0030810030005120010177300000000174000971754299918081492680                                             
2971754292303    0030810030000188103634900000000174000971754299917081427555                                             
2971754292303    0030810030000188102296100000000058000971754299918081490890                                             
2971754292303    0030810030000188103754000000000058000971754299918081490910                                             
2971754292303    0030810030005188100380800000000174000971754299917081428833                                             
2971754292303    0030810030000188102539000000000174000971754299918081490893                                             
2971754292303    0030810030000188102225500000000174000971754299917081427548                                             
2971754292303    0030810030000188102712000000000174000971754299917081427550                                             
2971754292303    0030810030000188102296100000000058000971754299918081490889                                             
2971754292303    0030810030000188103529100000000174000971754299918081490902                                             
2971754292303    0030810030000188103705000000000169500971754299918081490909                                             
2971754292303    0030810030005253052570200000000058000971754299918081492963                                             
2971754292303    0030810030000188102510400000000174000971754299917081427549                                             
2971754292303    0030810030005921001738400000000174000971754299918081493007                                             
2971754292303    0030810030000188102396100000000342000971754299918081490891                                             
2971754292303    0030810030000188103412000000000174000971754299918081490898                                             
2971754292303    0030810030000188102013800000000174000971754299917081427545                                             
2971754292303    0030810030000188101618300000000174000971754299917081427543                                             
2971754292303    0030810030000188101599900000000058000971754299918081490882                                             
2971754292303    0030810030000188103644300000000058000971754299918081490907                                             
2971754292303    0030810030005153071540900000000058000971754299918081492797                                             
2971754292303    0030810030000188101618300000000174000971754299917081427542                                             
2971754292303    0030810030000188100638900000000169500971754299917081427537                                             
2971754292303    0030810030000188103916500000000058000971754299918081490913                                             
2971754292303    0030810030000188101109500000000174000971754299918081490879                                             
2971754292303    0030810030000188101343800000000058000971754299918081490881                                             
2971754292303    0030810030000188100326000000000174000971754299918081490869                                             
2971754292303    0030810030000188102675400000000116000971754299918081490895                                             
2971754292303    0030810030005220014182100000000058000971754299918081492835                                             
2971754292303    0030810030000188103497800000000056500971754299918081490901                                             
2971754292303    0030810030000188100188300000000058000971754299918081490864                                             
2971754292303    0030810030000188100475900000000174000971754299917081427533                                             
2971754292303    0030810030005120010404500000000058000971754299918081492685                                             
2971754292303    0030810030000188102903900000000174000971754299917081427551                                             
2971754292303    0030810030000188100042800000000058000971754299918081490862                                             
2971754292303    0030810030005188100297400000000174000971754299917081428832                                             
2971754292303    0030810030000188103438400000000058000971754299918081490900                                             
2971754292303    0030810030005188100000300000000174000971754299917081428830                                             
2971754292303    0030810030000188101600000000000058000971754299918081490883                                             
2971754292303    0030810030000188100526300000000116000971754299917081427535                                             
2971754292303    0030810030000188100521800000000116000971754299917081427534                                             
2971754292303    0030810030000188103796100000000058000971754299918081490912                                             
2971754292303    0030810030005188100000400000000174000971754299917081428831                                             
2971754292303    0030810030000188100494800000000058000971754299918081490871                                             
2971754292303    0030810030000188100665500000000058000971754299918081490874                                             
2971754292303    0030810030000188103576300000000174000971754299918081490904                                             
2971754292303    0030810030000188102811700000000174000971754299918081490896                                             
2971754292303    0030810030000188101309300000000174000971754299918081490880                                             
2971754292303    0030810030000188100245100000000058000971754299918081490865                                             
2971754292303    0030810030000188102042000000000174000971754299917081427547                                             
2971754292303    0030810030000188100399400000000174000971754299917081427531                                             
2971754292303    0030810030000188103234600000000169500971754299917081427552                                             
2971754292303    0030810030000188102013800000000174000971754299917081427546                                             
2971754292303    0030810030005188100445000000000174000971754299917081428834                                             
2971754292303    0030810030000188102459400000000058000971754299918081490892                                             
2971754292303    0030810030000188101352700000000116000971754299917081427540                                             
2971754292303    0030810030000000001005100000000174000971754299918081490480                                             
2971754292303    0030810030000188103789000000000058000971754299918081490911                                             
2971754292303    0030810030005220012880000000000174000971754299917081428852                                             
3971754292303    0030810030000000012676500000000010000000000000000000000000000                                          
